-0.243997
-1.533806
-0.680022
-0.104024
0.848247
1.237830
0.067622
-1.373651
-0.782173
1.039861
0.837563
-1.035559
-0.548459
1.502083
-1.443302
-3.008161
-0.256126
2.895477
-0.223647
-0.338490
-0.345671
-0.733173
-0.042355
-1.303243
1.921361
-0.516170
0.567384
-0.827966
-1.226397
0.625688
0.209383
2.049869
0.111068
1.000052
0.075921
0.494498
0.091525
-1.780226
1.510313
0.310160
-0.003864
-1.043715
0.878919
-1.295953
0.005030
0.341887
2.155935
1.377914
0.693984
-0.691979
-0.524824
2.068037
0.153763
0.130331
1.326266
-0.984633
-0.540066
-0.741413
-0.892057
-0.507593
1.821326
-0.405594
1.859969
-0.422579
0.161527
1.215811
0.345253
-0.586688
-0.874724
-1.413198
-0.951745
0.937033
-0.047964
0.208765
0.815492
0.808690
-0.485408
-0.182624
-0.046185
1.780663
0.213670
0.499770
-1.434861
-0.631878
-0.810632
-1.338734
0.451365
-0.672313
-1.256133
0.365283
-1.643805
1.471036
0.595070
-0.127728
1.740418
1.780061
0.449610
0.319256
1.721437
1.140689
0.099085
0.553109
1.229617
-0.840117
-0.107646
0.974192
0.214447
-0.676010
0.351543
-0.442343
-0.992307
0.152070
0.905636
0.833171
0.329828
-0.787285
-0.812198
-0.369718
-0.317439
-1.004788
-0.809859
-0.959403
0.976534
1.150047
0.231123
0.540131
0.662620
1.079037
1.508442
-0.592737
0.684635
1.113379
0.458704
-0.465647
-0.288651
0.591347
-0.538818
-0.467849
0.282318
-0.121979
-0.784388
-0.206573
0.974190
0.183019
-0.078633
-0.417121
0.272578
0.510771
0.446111
-0.718131
1.003211
-1.479128
-1.235590
-0.398981
0.198794
-0.805926
-0.782838
-0.679700
-1.288843
-0.016960
-0.499169
-0.354824
0.031759
-0.185483
0.804059
-0.728422
0.426490
0.378102
0.362733
-0.473080
1.484997
-0.054445
1.126459
-0.560662
-1.864828
-0.518688
0.754582
-1.025022
-1.078793
-0.918701
0.503162
0.490590
-2.073591
0.059710
-0.838910
-1.268104
0.642802
0.294572
-0.478222
0.259074
-0.701030
2.056650
0.030314
0.444984
-0.482589
0.289759
1.671789
0.596545
-0.759585
-0.538343
0.949564
0.661436
-0.166785
0.370249
1.373101
-0.514704
-1.197143
-2.423160
0.875145
-0.422703
-0.626529
-1.596316
0.316322
0.303574
1.404219
-0.848438
1.167401
-1.102817
0.037934
-1.511913
0.680884
0.778185
-1.069690
0.727840
-1.673813
2.530319
-0.634636
-1.439401
0.682201
0.770714
1.356736
2.596769
-0.512123
-0.204390
-0.785009
-1.456575
-0.814770
-0.094485
-1.113111
-0.303624
1.044543
-2.141828
0.063028
-0.850827
-1.653663
0.639866
0.092384
1.728188
-0.579272
0.863430
-1.148361
0.336236
-1.442032
-0.436881
-2.621878
0.449276
1.302673
1.595040
-1.314034
-0.730528
-0.524027
0.000689
0.654158
-0.482245
-0.063858
-0.769744
-1.561264
-0.067780
0.885562
1.852901
-1.270544
-1.086975
-0.767631
0.342740
2.563241
-0.482722
0.156970
0.695110
-2.463621
0.068736
0.643092
0.227507
-0.310258
-0.074439
1.644836
0.125361
1.225024
-0.973257
1.415620
-0.104370
-0.426722
-0.665023
0.022600
2.093143
-0.605579
1.695138
0.154923
0.136018
0.578034
0.364321
-0.169958
0.611687
-0.504582
0.615992
-0.338972
1.478003
-1.342165
-0.174970
0.210022
-0.425048
0.427446
-0.610677
-0.893683
0.494859
0.447991
-0.440317
0.221614
-0.456024
-0.686722
-1.237281
0.171087
1.109920
-0.708427
0.755254
1.618973
1.411330
-0.463304
0.633577
0.153945
0.597476
0.816360
0.691175
1.277677
-0.131414
-1.157186
0.426385
0.071338
1.543186
0.335639
-0.368831
1.770018
0.097469
0.389277
-0.448961
-0.936601
-0.002498
-1.236579
-1.167430
0.679660
1.091368
-0.437224
-0.265423
-0.465674
-0.592604
0.570597
-2.670248
1.357689
-0.630463
-2.774055
0.434104
-0.096151
0.391053
-0.971821
-0.434548
-0.434043
-0.470254
0.801131
0.032593
-0.397597
0.659721
1.232371
-0.652895
1.604619
0.062484
1.515880
-0.998629
-0.782185
-0.211713
-0.030545
0.746017
0.073169
-0.590216
0.872578
0.499726
0.647882
-0.764637
2.189477
-0.367939
-2.318986
-0.288300
0.350351
1.025859
-0.005957
1.563205
-1.023291
-0.936020
-0.465463
0.642483
1.515837
0.536313
0.352098
2.120929
-0.732976
-1.376831
-0.029268
0.518552
-0.482776
-0.386894
-0.618794
0.061568
-2.695107
0.372025
2.011770
-0.594394
1.681745
1.267417
0.773260
0.755113
0.341204
-0.145802
0.183603
-0.299785
-1.164428
-1.179281
1.407889
0.254325
0.757452
-0.357098
-0.086527
-1.811559
1.332381
1.219029
0.516063
-0.417168
1.361131
-0.271493
-1.406397
1.095559
-0.174591
-1.175536
0.526690
-1.056790
-0.505180
0.472925
-1.351929
-0.546204
0.902264
1.028257
0.006301
-0.614381
-0.739242
0.788606
1.720299
-0.810696
-0.913818
0.015264
-0.967781
2.305921
-0.259901
-0.860590
0.191090
-1.114115
-1.066095
-0.085895
1.401780
0.129756
0.436467
-0.758860
1.232801
1.001527
-0.226433
0.419905
1.796237
-0.455735
-0.886341
2.654996
0.016532
0.103685
-2.310556
0.252626
0.408938
-0.400961
0.341571
-1.753803
-1.729549
0.192790
-0.808514
-0.258515
-0.928536
0.845704
0.435111
0.923118
0.481303
0.553462
-0.802594
0.516641
-2.153438
-1.124266
-0.918615
-0.672524
0.028630
0.105525
-1.034011
-0.103805
-1.519900
-1.329874
0.240590
-0.210939
0.848675
-0.238166
-1.009269
0.924600
