0.575449
0.543554
-2.480891
-1.328848
2.075669
-0.125390
-0.437143
0.173095
1.428174
0.706888
-1.063845
0.085402
0.613558
-1.900245
-0.067069
-0.272010
-0.643365
-0.462485
1.183760
0.604014
-0.569624
0.842925
0.574440
0.205167
-0.225196
0.262686
-0.536698
0.203333
1.009043
0.883623
-0.369731
0.283299
-0.845646
0.237325
-1.560364
-0.348287
-2.064201
-1.697613
-0.431260
-0.147977
-0.333318
-0.792238
0.340280
0.005614
0.912911
-0.189191
0.100728
-2.283361
1.289946
-0.351918
-1.386379
-0.889492
1.601327
0.755073
-1.003585
-0.409894
-1.603895
1.728104
-0.085197
0.080475
-0.178078
1.606695
-0.786358
1.007471
1.113278
0.509027
0.484392
-0.571386
0.955317
-0.312246
-0.983243
0.363673
-0.255859
-0.789719
0.569594
0.276741
-2.132406
1.196718
0.900043
1.030612
0.470206
1.710679
1.567564
-0.661059
-0.314003
0.665026
0.198849
0.771371
0.300979
-0.190648
-0.171146
-0.341132
0.536402
0.953369
-0.022304
-1.021953
0.283360
-1.520201
-1.019749
-1.140793
-1.315529
2.035871
-0.892216
0.221829
1.046894
-0.405724
0.938725
1.097615
0.573919
0.670780
0.155349
-0.221884
1.056033
-1.073140
0.339361
0.623365
0.484721
0.189449
0.694329
-0.091332
2.029095
-0.683570
0.685353
-0.508748
-0.412266
0.163220
-0.870690
1.248816
1.671672
-0.080292
1.161184
-0.423429
-1.283861
-0.656141
-1.547229
0.983542
-1.733104
0.217018
-0.656081
-0.057554
1.959136
-0.128393
1.081268
-0.529719
0.886828
-1.544625
0.253815
-0.823923
-0.499392
0.834062
-0.765084
-0.810492
-0.708736
-2.279978
1.095436
-0.572404
0.642538
0.520308
-0.035388
0.506976
-0.534836
-0.644928
0.985071
0.596158
0.755647
-0.814668
1.443950
1.001396
-0.422718
0.564922
-0.316355
-1.422479
1.366258
0.452557
1.001575
-1.345614
0.258887
-0.026485
-0.889543
-1.574389
0.664730
0.312013
0.316687
0.201347
-1.003639
1.492273
0.984452
0.495474
-0.306008
-0.873029
0.830352
0.840025
-0.540324
0.916324
0.162540
0.615630
-1.578239
-0.664835
-1.240796
-1.383258
1.589581
1.579842
-0.968486
-0.883786
-1.208476
-1.000391
-0.357435
-1.305404
0.700983
-1.065670
-0.279384
1.078453
-1.628534
1.697521
0.563192
0.464637
0.069311
0.333343
1.890179
0.954680
-0.092180
-0.389573
2.068423
0.064731
-0.676186
0.420507
1.615381
-1.620736
-1.238110
-0.133389
-1.007837
0.725777
-1.116750
-0.335614
0.792453
-3.543384
-1.119394
-0.676351
1.052793
1.431681
-0.628760
0.362029
0.268304
1.683227
-0.223520
-0.838836
0.043093
0.720612
-0.093052
0.841056
-0.113967
-1.157817
1.437846
0.194578
-0.148382
-0.155584
-1.132176
-0.346798
1.100383
-0.049554
0.523331
0.529353
0.335612
-0.322236
0.898395
0.749248
-1.109186
0.593280
-2.040022
0.754347
-1.901361
-0.123172
0.004154
-0.750480
0.639576
0.421258
-0.269577
-1.384232
-1.009098
-0.789699
-0.208368
0.762724
-0.076082
-1.831404
0.003809
1.275726
0.183494
0.190764
0.935615
-0.121272
-0.159676
-1.041872
-1.096113
0.799427
0.056537
-0.286546
0.305887
1.537227
0.588702
0.967215
0.747902
-0.984784
-0.138255
1.929010
-1.343916
0.405706
-0.658365
-0.773037
-0.907897
0.762669
1.672398
1.195218
2.008998
-0.637042
0.529152
-0.774507
0.718564
-0.681055
0.053878
-0.468664
2.738661
1.540428
-0.122359
0.178552
-2.114934
-1.010282
0.021585
-0.218479
1.387457
1.374947
0.083163
0.508283
0.638296
0.472208
-1.791549
-1.940582
-1.379683
-1.370978
-0.227288
0.900020
-0.031415
0.192623
1.773301
-0.338336
0.221029
0.152007
-0.715210
0.814404
-0.154004
0.681261
0.571242
0.541434
0.446504
0.092548
-0.457237
1.494952
-2.564533
0.389716
1.311794
1.537585
-0.545627
0.988322
0.095803
0.252916
3.206550
-0.089536
1.523932
0.761214
0.431252
0.751255
-0.068438
-1.349361
-0.596466
-1.077602
-0.849962
-0.663395
1.139127
-0.132254
-0.112847
-0.273684
-0.827263
0.507975
2.090079
1.367735
-0.955492
0.040955
0.651644
-0.457502
-0.640918
0.210463
-1.166021
-1.106284
0.067754
1.454891
-0.934094
0.334670
-0.330959
-0.642346
1.708988
-0.255546
0.001813
-1.117213
-1.309051
0.143792
0.062382
-0.480241
-1.680050
1.625140
-1.365399
-1.536168
-0.312113
0.119343
0.259295
0.813577
-0.745475
-1.144902
1.254405
-0.844229
0.191901
0.152886
-0.081142
-0.592321
0.043842
0.002925
-0.148726
0.711367
2.165031
-0.305940
-0.979654
-0.430108
-1.309921
-0.853273
0.480991
-0.238204
-0.581127
1.275663
0.252523
-0.614326
-0.450319
0.219411
2.587941
-0.355853
-0.327217
-0.394317
-0.062596
-1.358918
-0.433966
1.646586
0.354080
0.236515
-1.624364
1.400681
0.990997
-1.426299
-1.140342
1.260269
0.182020
0.026225
-0.899745
-0.599100
1.112966
-0.828857
-1.580247
-0.825609
-1.159231
1.248942
-2.244373
-0.085063
0.116623
-1.542208
0.162431
-0.959593
-0.301919
1.335079
0.544745
0.185363
0.097124
0.288813
-0.424270
1.505590
0.793548
-0.137571
-0.619714
0.754296
0.551414
1.330384
-0.561252
-0.963036
-1.301053
2.565839
0.268021
0.392209
0.355083
-0.075120
0.215057
-0.209660
-0.909070
0.337995
1.120993
-0.704751
1.300117
0.137047
1.039137
-0.406948
-0.785494
-0.404523
-0.082428
0.555838
-0.672352
-0.470578
0.011919
0.698455
