0.918931
-0.604670
0.237076
0.661276
0.842988
-0.027381
0.062321
-1.116245
0.753483
0.296474
-2.441247
-0.091266
1.168826
-0.080621
-0.057021
-0.904826
0.418023
-0.118846
0.836352
-0.945791
1.911968
0.196263
0.346951
-1.555284
0.584339
-1.165022
0.540668
1.024804
-0.051667
-1.510416
1.166198
0.119152
-1.478682
-0.446747
0.204410
0.142447
0.501550
0.711143
-1.153131
0.068388
-0.001276
-1.308779
0.122354
-0.289446
0.363013
-0.588237
-0.558294
-1.624536
0.115299
-1.091923
-0.609785
-0.342657
0.642240
0.875104
-0.483288
-0.675591
-0.969304
-2.004045
0.986817
0.716441
0.326541
1.656134
0.311282
-0.207770
-2.146756
0.045251
-1.230910
0.105334
1.315751
0.293396
0.541462
1.160911
0.889202
-0.781065
-1.316528
-0.835224
0.553926
-0.371473
-0.639779
-0.567695
1.327907
-1.313051
-1.128040
2.673940
-0.969739
0.708172
-0.918220
-0.599145
1.018250
-0.847794
-0.770088
0.526742
0.352837
-0.969598
0.171583
-0.592526
-2.033169
-1.013817
-0.317360
-0.126083
-0.011376
-0.194794
-0.202057
1.417797
-0.622196
-0.356743
0.280858
0.055911
0.754037
0.826277
0.339817
1.369848
-0.587191
0.206999
-0.305710
0.913519
0.974069
-0.203574
-0.591656
-0.034718
-0.767330
1.785212
-0.281913
0.127243
0.651779
-0.817191
-0.544232
1.002322
0.733854
-0.935967
1.622994
2.538455
-0.725827
0.444856
-2.020997
0.618279
0.093666
-0.393092
0.677371
-0.221237
-2.554588
-0.060036
0.041301
2.913890
2.352672
0.536950
0.893595
-0.277948
-1.695873
1.087706
-1.660553
0.308994
-2.294899
-0.986749
-1.141079
1.401886
-1.915249
-0.189446
-0.256823
0.410168
-0.239093
-0.641241
-1.682306
-0.514327
-0.794118
-0.719798
0.911550
0.028589
0.306089
1.805592
-0.872405
0.728515
-0.586609
-1.033919
0.392922
-0.396035
-0.260248
-0.514381
-1.105063
0.222787
0.014506
-0.177341
1.601160
-1.771908
-0.232885
0.186870
0.122608
1.374531
-1.149966
1.028342
0.828091
0.945166
-0.848400
0.829815
0.680056
-0.339857
-0.851794
0.764357
-0.387536
0.299070
-0.412058
-0.365543
0.047648
-0.205417
0.124957
-0.772552
-0.953149
-0.139786
-1.622188
1.158699
-0.912751
-0.611898
-1.975671
-1.334664
0.197610
-1.445646
-0.556020
-0.465066
-1.055037
-0.890267
2.173266
-1.648058
-0.574434
-0.024377
-0.899373
-0.054988
0.373568
0.464497
0.476086
-0.563403
0.881693
1.658328
1.671122
0.171400
-0.227037
-0.016729
1.387537
-1.084117
-0.165302
-1.426545
1.425999
1.133646
-0.890609
1.109839
-0.323381
0.505161
-1.160381
-0.919971
0.499625
0.936998
-0.003794
-2.280625
0.077379
-0.043769
0.148004
0.930009
-0.128942
-0.256945
0.975587
-0.385534
0.928955
1.127685
1.311779
-0.084261
0.271075
0.685944
0.693756
-0.779850
-1.008543
-1.267949
-0.100820
0.650641
-0.531803
0.802195
-0.861116
0.852799
2.374388
0.499247
0.219787
0.742955
-0.491512
0.714479
0.097124
-0.189386
1.084355
-0.459864
0.085410
-0.539399
0.767848
-2.337488
-1.797756
-0.544367
-0.398728
-1.030776
1.121913
-0.634497
0.287636
1.583392
-0.295443
-0.377920
-1.846155
0.237966
-0.369434
-0.380822
-0.998266
0.529048
-0.028667
-1.296977
0.494400
-2.059978
-0.250432
-0.778676
-1.264071
0.707479
1.517554
0.691290
0.146269
-0.938006
-0.861137
-0.930739
-0.214653
-0.639510
0.081066
0.688433
-0.854523
-0.228132
0.584802
0.368006
0.331180
1.993582
0.386191
1.249206
-1.461788
0.566111
1.263175
0.301286
0.543437
-2.366502
0.053314
-0.259331
1.025909
0.987271
-1.789168
0.896123
0.085756
0.658054
0.514080
-0.112945
-0.028030
-0.528559
-0.329805
-1.848513
-1.181823
0.913630
0.973305
-2.904114
-0.360806
-0.417165
-1.527232
-0.591516
-0.534116
0.924395
1.201246
-0.436964
-0.763632
-0.714517
1.109590
-0.388170
0.739488
-0.044152
1.030566
-0.134235
2.076967
0.350872
-1.127717
0.836701
-1.000631
-0.258192
1.583341
0.609095
-0.133637
1.234305
-0.284115
0.003355
1.714095
-0.100358
-0.998971
0.242698
-0.027545
0.153432
0.180956
-0.136012
-0.671568
-0.198090
-0.918748
0.575415
0.082948
0.533838
-0.113499
0.841231
0.445733
1.654522
-1.195158
-1.596855
0.060897
-1.314536
0.126897
-1.517576
-0.029056
0.133770
-1.403995
-1.210145
0.185251
-1.558379
-3.041279
-0.370707
1.712685
-1.812706
2.078755
0.528709
-0.446270
-1.696848
-0.233438
0.867576
-0.697375
0.839574
-0.303607
-0.594321
-1.017186
0.104287
-0.022041
-1.068219
0.776928
-1.031238
0.402247
-0.538393
0.186280
0.555849
1.090947
0.197048
1.464238
-0.653858
0.006055
0.532388
-1.943837
-0.410133
-1.211448
0.282231
1.171691
0.290705
-2.359157
1.489330
-0.007393
2.188770
-1.111964
0.202565
0.212342
1.016973
-1.920777
0.423341
0.067091
0.765197
-0.475671
0.717167
-0.475509
-1.354515
0.236982
0.027958
0.100454
0.202354
-0.062745
1.142658
0.253586
-1.068145
0.205015
0.534312
-1.393531
0.697893
-2.547668
-2.292862
0.208623
-3.378193
-0.156448
-1.114033
0.890289
0.382851
0.384930
1.713053
1.444007
0.581951
0.751344
-0.220456
-1.667864
0.221876
-0.764505
2.564261
-1.443344
0.872087
0.817285
-1.326781
0.380981
0.019781
0.269167
0.974959
1.089210
-2.153258
-0.675715
-2.318177
0.662078
0.452823
-1.019598
1.124268
