0.573040
0.748471
-0.868511
0.410378
-0.180078
-0.404561
0.625106
-1.091809
1.541834
0.915686
0.942562
0.405547
0.176317
-1.028267
-1.255509
0.773781
0.183661
-1.739610
-0.223437
-0.452902
1.076008
-1.701896
-1.051982
2.906286
1.433678
0.016759
-1.054469
-0.562697
-0.519585
0.469774
-0.628927
-1.978720
-0.574195
0.679955
0.781177
0.020111
-0.788430
0.687813
-0.918675
0.121218
1.204681
-0.030410
0.015112
-0.267801
-0.484980
1.413193
-0.413937
1.122052
-0.972902
-0.281225
1.652677
0.709502
-1.294713
0.614163
0.053134
-0.160705
-0.482349
1.441753
-1.664572
-2.046598
-0.377712
0.389314
0.414259
1.735327
0.665742
-0.786790
1.772294
0.782744
-1.117521
2.883277
0.172563
0.000068
0.149354
-0.691956
0.095206
-1.825119
-0.633832
-1.202147
-2.340550
-0.337988
-1.068506
-0.023559
0.785328
0.306230
-0.396682
-3.848198
0.322542
-0.472530
0.023263
0.371335
0.200534
1.809741
0.021833
-0.059875
0.436934
0.638811
0.145707
1.136477
-0.722479
-2.181916
0.041077
0.451130
-0.438668
-0.587766
0.405615
0.665985
-0.958224
-1.461621
1.081467
0.329723
-0.010706
-1.002110
0.796648
-1.190729
0.856188
0.285409
-1.411222
0.364205
-0.149272
-0.041867
0.091831
0.004550
0.073521
-0.045924
0.350130
-0.242721
0.637495
1.420969
-1.130317
-1.055062
-0.856792
-1.539529
-1.214667
0.429907
0.816934
-0.108411
0.694748
0.380732
2.007991
1.675795
0.436182
0.571527
-0.550362
-1.388131
1.198314
1.160461
0.359496
-0.247327
0.596136
-1.091410
-1.279716
0.372800
0.431901
0.411540
-0.261208
0.006618
0.111853
0.094618
-1.279835
2.172181
1.376928
0.042278
-0.377526
-1.617409
0.242631
-0.677649
-0.226566
0.575873
0.688918
-0.346067
0.120489
-1.325759
-0.442566
0.717341
0.794699
0.967470
-1.386307
-0.422118
-0.369984
0.280243
0.196028
-0.768549
-0.560457
1.161153
-0.227301
2.199019
-1.188108
-1.993299
-1.242505
-0.074854
0.227802
0.959749
2.023651
1.085844
0.076410
0.185324
0.916052
0.179925
0.351922
1.635729
2.001551
-0.055645
-0.397589
0.802064
0.210956
0.480856
0.361240
-0.941728
0.412331
0.345715
0.048486
0.465077
-1.001379
-1.085874
-0.586094
-0.763553
-0.651129
-1.908680
0.574527
0.988982
0.895311
0.206511
-0.780485
-1.471106
0.509402
-1.103820
-0.185156
-0.027534
-0.179159
0.608280
0.806470
1.371062
0.282214
0.613409
-1.530095
0.072183
-0.647623
-1.196952
0.663605
-0.799059
1.490663
-0.172214
-1.535670
-0.753605
-0.377636
0.327246
0.738571
-0.734246
-0.255539
-0.031910
-0.506722
0.045714
1.253083
-0.701628
-0.069562
0.266199
0.721510
-0.777560
-1.577262
1.404620
-0.193114
1.115571
0.250096
0.889113
0.843404
0.278428
-0.278560
0.413015
-0.201230
1.075387
0.616552
-0.357116
1.819848
1.506882
-0.843364
-0.651062
-0.142719
0.224036
1.411875
-0.387418
0.464813
0.821771
1.534540
0.474402
-0.473799
0.615078
-0.263140
0.361537
1.528170
-0.586740
0.685608
1.159020
-0.349868
0.277673
-1.157786
-0.405487
-1.196162
-0.262850
0.143746
-0.565577
0.939746
0.314041
-0.117348
-1.860548
-1.123554
-0.787806
0.096987
0.694221
-0.747349
1.261498
-0.349437
-1.669664
-2.906518
-0.411850
0.397475
1.248556
-0.527631
2.116347
0.458686
0.607368
-0.067234
0.331217
-0.361966
0.939111
0.012540
-0.677192
-0.312148
-1.747601
-1.281890
0.810699
0.133387
1.501165
-0.813364
-0.923420
-0.331748
2.733025
-0.110490
-0.778500
-0.747511
-0.298556
0.278361
0.207339
-0.438781
0.320968
1.292863
1.652851
-1.898374
-0.529066
-0.894346
0.408958
1.761753
-0.767700
-1.181869
0.462426
0.106337
-2.790884
-0.058535
-0.555905
-0.621749
0.746038
1.561064
0.149923
-0.240736
1.046469
1.539727
-0.285610
-0.509768
-0.332230
0.019707
0.461279
-1.574052
-0.920039
-0.234869
0.939937
0.384675
0.410536
-0.241574
0.697512
1.012255
-0.471964
-0.214069
1.405068
-2.714081
0.054427
1.879269
0.113512
-0.156514
0.292410
0.302928
1.967102
0.173971
-1.315204
0.235458
-0.977250
0.030669
-1.183139
-1.182142
0.976222
0.095699
0.430336
-1.551436
-0.313571
0.943851
0.605652
1.454763
-2.898259
-0.058578
-1.350408
0.224564
0.260471
0.774978
1.436475
-0.123325
-0.958228
1.319289
-0.723066
0.142453
1.282626
-0.661878
0.191494
-2.607343
-1.009415
2.589625
1.727246
1.826177
-1.512166
-0.431337
0.687562
-0.100705
-0.263285
-0.163300
-0.508457
-0.334163
-0.275192
-0.180196
-0.145753
-1.637070
0.407653
-0.736817
0.802347
0.223301
0.532349
-0.485840
-1.308187
-0.870908
0.176299
1.909864
0.182411
0.467075
-0.070024
0.556198
1.394306
0.051060
-0.937496
-1.643341
0.004942
-0.634726
-0.381338
0.274623
-0.482977
0.691353
-0.099254
0.101571
-0.621456
-1.203608
-0.775776
-1.775855
0.231521
-0.334940
-0.071471
1.069852
-0.091274
-2.128512
0.207497
-0.751422
-0.017907
-0.092530
1.378447
0.542222
1.158879
0.596552
1.356161
0.188160
1.657020
0.065707
1.899933
-0.535321
0.930944
-0.980031
-2.107101
-0.280018
1.145345
-0.309941
-0.803977
0.913133
0.141863
0.715912
-0.500035
-1.012066
0.115915
0.651258
0.022711
0.233862
-0.012326
-0.784036
-1.153923
-0.493233
-1.334782
1.356143
0.927184
-2.018239
0.183509
