-1.483962
-0.460445
-0.435189
0.195418
-0.150190
-2.944382
0.934684
-0.107049
0.273611
0.800945
-1.225340
-0.465540
0.594755
-0.476596
0.003074
-0.821488
0.624148
1.088570
0.232114
0.742762
0.972087
-0.247740
0.471725
-0.270963
-1.058194
-1.018973
-0.049571
0.011880
0.338082
-0.996758
0.753378
-0.706434
0.389439
-1.430638
-1.107953
1.725103
-0.320639
-1.007300
-0.589683
-1.028119
1.456187
0.111603
-0.810691
-1.308430
0.264318
0.162397
0.285946
-2.156483
-0.946383
-0.610401
0.358816
-0.348213
-0.781688
1.033190
0.702270
0.150371
1.674322
1.117589
-0.690574
-3.172053
0.808061
-0.131107
0.562348
-0.708199
0.983017
0.630096
-0.956508
0.699179
1.600348
-0.314128
1.694106
-0.165669
-0.931358
-0.218695
0.132509
-0.343704
-0.530359
-0.092797
-0.014269
1.564095
0.766095
-0.942753
1.476176
0.947463
0.292432
1.974920
0.355567
0.613120
0.267274
0.538904
0.243217
-0.413288
0.095841
-0.837843
-0.718744
-0.795990
0.433762
1.067450
-0.613809
0.282263
-0.071330
0.468460
0.791715
1.608710
-1.369762
0.772539
1.370368
1.138808
0.649466
0.511093
-0.959236
-0.067287
-0.036182
-1.590042
-0.118561
-1.202581
0.843070
1.050068
-0.527449
-1.427524
-0.160054
0.892789
-0.723753
-0.796431
-0.921432
0.339178
1.817229
1.669631
0.106183
-0.471768
-0.176002
-0.262458
0.565536
-0.480388
-0.245590
1.163243
1.105895
-1.099900
0.557722
1.188909
-0.194799
0.783963
-0.202878
0.864938
-0.873799
0.029317
-1.220928
0.180793
0.735221
-0.231130
-1.455257
-1.322155
-0.946107
0.156857
1.414187
1.485031
-1.454983
-0.401022
-0.518230
-0.385674
1.277456
1.432935
-0.382245
1.596003
0.044825
0.299952
1.470107
1.044685
0.323037
0.427716
0.409892
0.540170
0.395279
-1.228587
-0.990316
-0.793567
0.750224
-0.693127
-0.395328
0.924795
1.410221
-0.919500
-1.065190
-0.772350
-0.034015
-0.417336
0.354960
2.681851
-0.170313
-0.851891
0.168552
0.030043
-0.130487
-0.005599
-0.292041
-0.249012
-0.553056
0.917160
-0.799157
1.126653
0.738844
0.339672
-0.902126
0.708669
-0.394278
-1.417164
-0.137086
0.311102
-0.706126
-2.165862
0.192344
0.269386
1.229749
-0.461392
1.269364
1.245733
1.416223
-1.171243
1.112124
1.255793
-0.774913
-0.958243
0.133194
1.454680
0.507421
-1.242464
1.170812
1.099990
2.494617
0.046460
-0.364606
0.569726
0.606426
1.443739
0.360477
1.142532
0.802774
0.369640
-0.368597
0.445002
-0.188096
0.197151
-1.225199
1.658914
-1.388486
0.622846
0.874769
0.139897
0.441291
-1.124906
-1.548643
-0.252319
0.441364
-0.456608
1.143739
-1.380910
-1.585140
1.177973
-0.223815
-0.123152
0.349069
0.473878
-1.096125
1.253311
-0.167812
0.858078
-0.767823
0.345589
1.642816
1.202793
1.155370
-0.541233
0.732325
0.395705
1.109909
-0.633067
0.889588
0.141617
-0.362480
-0.052893
1.522526
0.068532
-1.072910
0.300487
0.654863
0.654971
-0.047896
-0.498110
0.377591
1.175660
-2.439131
0.603199
-0.772838
-1.450942
1.166113
-0.756057
-0.961624
0.521935
-0.476345
-0.778574
-2.207805
0.560093
0.428448
0.106322
3.015580
-0.401467
1.152405
-0.923078
-0.350939
0.734322
1.720288
-1.804645
1.088138
-0.739125
-0.466307
-0.084301
0.205019
-0.419420
0.381623
0.040675
0.106086
-0.358461
0.315874
-0.534770
-0.287793
0.992194
-0.363708
-0.315504
1.230789
-1.888884
-1.016645
0.912225
1.167856
0.376202
0.690338
-0.596206
0.383653
-0.325680
-0.721354
2.379397
0.155614
-0.473713
-0.724253
-0.654023
-1.879239
0.365824
-1.019902
-0.846965
1.342889
0.230204
-0.568230
0.666210
-0.015504
-0.371918
-0.106946
-2.013594
-1.341363
-0.771566
1.091351
0.367943
2.099431
-0.051339
-1.539073
0.467226
0.144644
-0.009683
0.885318
0.410486
0.582231
-0.768867
1.851288
-0.556098
-0.937265
-0.426123
1.372347
-0.063962
1.160409
-0.318163
-0.485424
1.217774
-0.698280
-1.081405
1.639642
0.160517
-0.861973
0.409221
-0.281829
0.979648
-2.816397
1.021545
0.183453
-0.850689
-0.597728
0.722509
1.020558
0.695039
0.618627
-0.799721
0.933938
-0.571535
-0.481650
-0.615616
-1.167349
-0.946064
0.762110
-0.164049
0.347637
-0.689422
2.591781
0.727015
-1.196729
-0.430372
-1.237610
1.004275
1.799498
0.399576
1.370169
-1.256784
0.420759
0.483628
-0.353770
0.021238
0.077127
-1.116743
-0.227656
-1.120356
-1.243684
-0.707691
-0.824302
-0.272449
-1.179873
1.231052
-0.062813
1.411286
-1.941149
0.460674
2.617332
0.147279
-0.170549
-1.495645
-0.549919
-0.942403
-1.976790
0.452603
-2.193123
-1.269894
-0.519783
-0.080979
-0.685067
0.533458
-0.126921
-0.263372
0.413423
-2.015269
0.708377
0.457451
-0.761038
1.246501
-0.610015
0.288179
-0.720443
-1.503681
-0.021379
-0.900856
-0.990530
-1.628282
-0.375339
0.554479
0.533136
0.182314
-0.768775
0.151765
0.297194
0.498915
-0.843350
0.817468
-0.070700
-1.087942
-0.348300
0.331714
0.219913
1.872263
-0.518507
-0.536218
0.665063
-0.535517
0.000508
0.380272
-0.138104
0.468050
-0.636256
0.700918
-0.191620
-0.599412
-0.024372
-2.229219
-0.292502
-0.729614
0.101245
2.584804
-0.995927
-0.882458
1.717917
-0.691586
-1.819384
-0.331272
0.837988
-0.988410
1.432750
-0.798923
-1.407302
-0.624342
