0.356508
-1.320439
0.140635
-1.120964
-1.198863
1.978439
-0.607936
-1.027313
0.347946
1.923819
0.594574
0.066906
1.358972
-0.521085
-0.660494
0.520619
0.448484
-0.511005
1.101455
-0.231044
-1.330962
-1.897201
0.201130
-0.537481
0.910438
-0.135603
1.274344
-0.375226
0.129793
0.072672
3.026883
0.740770
1.277693
1.087676
-1.231671
1.094691
0.989768
2.408315
0.196219
-0.251685
-0.215151
-0.159821
0.279109
0.655826
0.169010
0.265978
-0.166937
-1.306668
0.392352
0.972547
1.400351
-0.311403
-1.730848
1.309629
1.211564
0.045374
-0.249329
0.373087
-0.544745
-1.070003
-1.661374
2.005234
-1.033786
0.345148
1.293831
0.846777
-0.083490
-0.745675
0.227679
0.295156
-1.010297
0.273487
-0.248859
0.556666
0.280496
0.797066
1.815570
0.520874
-0.895415
-0.164545
0.424730
-1.381060
1.330780
1.237764
-2.573596
0.439532
-0.045249
0.601713
1.027121
-1.011831
0.519038
-0.260685
-0.601810
0.481392
-0.029667
0.544159
0.079917
1.283811
0.432659
0.049703
-0.539192
-1.165424
-0.560909
-0.946201
1.675564
-1.017894
0.231681
-0.112997
1.304343
0.282962
0.460687
-0.972671
-1.372759
0.778450
-1.457397
0.727397
-0.383524
-1.455988
1.199009
-2.004257
0.114008
0.699241
-0.456506
0.342776
0.512776
0.604298
0.839101
-0.261306
0.702951
0.103788
-0.789833
0.707579
0.607076
0.233023
-0.740551
0.793398
-0.999706
-0.393358
-0.597060
-0.127426
0.195241
0.432008
1.418168
-0.467699
-1.229725
-0.175005
-0.245274
0.294518
1.832844
-1.722491
0.428543
-0.590128
1.120412
0.376582
0.914100
-1.038902
-0.188431
0.384944
-1.244340
-1.543427
0.579814
-0.014920
-1.331969
1.249492
0.762665
-0.685768
-1.583649
-1.942646
-0.181136
1.062724
-0.815236
2.480200
-1.251355
1.515463
-1.346382
-0.674797
0.498430
0.840550
0.523395
-1.428903
1.469235
0.376187
-0.818569
-0.373191
-0.574561
-1.189779
-1.114427
-0.605565
-2.052868
1.369890
-0.551695
1.011220
0.789641
0.129587
-1.129028
-0.152691
-1.165361
-0.238556
0.031679
0.524106
0.862715
0.497961
-0.246468
0.653830
0.113425
-0.539500
-0.843201
1.807368
-2.102149
-1.443968
-0.173182
0.555881
0.509974
-0.695818
0.178070
1.524711
1.828047
1.232567
0.536114
0.661263
0.326545
-0.526564
-1.235113
-0.291914
0.599995
0.048832
0.928454
0.277943
-1.380712
-0.636884
-0.770426
-1.888204
-0.142103
1.603687
0.799996
1.270175
0.519898
-0.830317
-2.398793
-0.118481
1.733756
2.421902
1.670930
-0.406431
1.080581
0.093931
-0.534389
-0.243988
0.341851
-1.298896
0.917406
0.358235
-1.792508
-0.105607
0.174626
0.478471
-0.093116
-0.214763
0.004033
1.015120
-0.892149
-0.561813
-0.213215
2.877553
-0.991885
0.076594
-0.740682
-1.744462
-0.192670
1.638652
-3.010855
-1.854733
2.141468
-0.649560
-0.024264
-0.810658
1.675922
0.215583
0.161732
-1.022904
-0.043159
-1.701433
-1.414139
0.009592
0.782930
-1.517547
-0.102649
0.815548
1.219800
3.004333
-1.064793
-1.063911
0.696990
-0.109622
0.688715
0.875205
0.653063
0.320982
-0.690401
-0.706585
-0.740970
-0.887414
0.262465
-1.152121
0.085097
0.059607
1.329702
0.664523
-0.266438
-0.147114
1.910303
0.208352
1.499565
0.663840
0.239024
-0.714543
0.412843
2.270644
-0.384044
0.158267
-2.457164
0.216662
0.510350
-0.539195
-0.340995
1.062205
-0.732871
-1.921961
0.359545
1.942967
0.583383
-0.720306
0.005890
1.184243
0.060270
-1.107417
-1.530784
-1.339029
0.422999
1.879045
-0.305742
-0.974833
-1.770465
-0.554452
-0.967143
0.045195
1.206398
-0.303794
1.277143
1.008294
-0.793648
0.051942
-0.208098
0.494617
-0.520269
0.478692
-0.421683
-1.764665
-0.152831
-0.084856
0.255067
-0.117124
0.212748
0.925870
0.088019
0.638340
0.094743
1.674858
-0.121758
-0.326400
-1.631856
0.402487
-1.532197
1.668300
-1.174183
-0.524988
-0.795784
-1.192772
-0.002332
0.014231
0.033071
0.786017
0.527367
0.870378
1.182115
0.937383
1.243487
0.001131
-0.122701
0.317269
2.057505
-0.654707
-0.014713
-1.502339
-0.749523
-0.208490
0.484895
0.475088
-0.201959
2.035806
-0.532270
0.725825
2.361744
1.495205
1.546739
-1.382787
0.926052
0.534640
-2.459468
-0.737147
-1.564526
-0.021302
0.951803
0.190110
-0.037305
0.226534
0.500782
1.290371
-1.552131
1.602826
-0.031061
-1.086447
0.124573
-0.572052
-1.992523
-0.035206
-0.303656
0.368992
0.742280
1.345878
0.009600
0.299656
0.281234
0.290916
0.647543
-0.733823
-1.044205
-1.335577
0.958803
-1.271899
-0.281580
0.852350
-1.793413
0.078164
-2.242784
-0.348938
0.360480
-1.349821
-0.966007
0.369044
-1.253981
-0.138203
0.035815
2.140378
-0.236907
0.078336
-2.435354
0.468571
1.532231
0.513511
-0.942666
1.072690
0.365514
-1.171873
0.711318
1.341483
0.719551
-0.903426
-0.003279
0.790230
-0.700236
0.180468
-0.092743
0.381310
1.420506
0.151341
0.501053
0.822459
-1.670331
1.074017
0.139103
0.833697
1.152837
-0.614081
0.133780
-1.379720
-0.342021
-0.438402
1.029790
1.361431
0.368409
0.205402
-1.167711
-1.568141
-0.891771
0.439236
-1.035117
0.365627
0.824574
-1.783996
-1.021755
0.648589
0.215215
0.770011
0.290908
0.162245
0.072974
1.208949
-1.717047
-0.016486
0.085809
0.757476
